x<-c(1,2,5,3)
x^3
x/c(1,2)
